date,model,score,score_unit,source_url,notes
2023-08-07,gpt-4-0613,4.01,overall score (0-8 scale; avg across 8 environments),https://arxiv.org/abs/2308.03688,"Original AgentBench paper (ICLR 2024), Figure 1b. Top commercial-LLM score at the time; average of API-based commercial LLMs was 2.32, average of open-source LLMs was 0.51."
2023-08-07,claude-2,2.44,overall score (0-8 scale; avg across 8 environments),https://arxiv.org/abs/2308.03688,"From the same Figure 1b bar chart in the (later-revised, v3) paper PDF."
2023-08-07,gpt-3.5-turbo,2.32,overall score (0-8 scale; avg across 8 environments),https://arxiv.org/abs/2308.03688,
2023-08-07,text-davinci-003,1.71,overall score (0-8 scale; avg across 8 environments),https://arxiv.org/abs/2308.03688,
2023-08-07,claude-instant,1.6,overall score (0-8 scale; avg across 8 environments),https://arxiv.org/abs/2308.03688,
2023-08-07,codellama-34b-instruct,0.96,overall score (0-8 scale; avg across 8 environments),https://arxiv.org/abs/2308.03688,Best open-source (OSS) model in the chart.
2023-08-07,llama-2-70b,0.78,overall score (0-8 scale; avg across 8 environments),https://arxiv.org/abs/2308.03688,
